552.883 18.3586 547.571 42.6511
299.96 96.0094 298.488 116.753
284.002 170.068 275.692 190.524
238.771 146.646 227.339 166.41
149.277 147.27 134.175 165.841
63.3341 370.029 18.1103 389.566
458.51 308.482 448.313 330.879
422.866 107.99 419.122 130.286
309.791 268.43 299.879 289.36
175.407 265.652 159.122 285.179
176.007 280.378 159.361 299.989
596.041 94.8133 593.369 119.503
599.209 75.3541 596.584 100.204
224.383 93.7874 224.28 113.578
218.812 143.513 207.73 163.017
139.289 142.597 124.877 161.048
524.024 348.927 511.178 371.888
628.165 155.24 624.479 179.997
546.868 35.601 541.174 59.7102
418.245 177.293 410.984 199.387
471.858 377.535 461.214 400.01
102.808 218.841 83.5627 237.25
638.822 359.495 623.74 383.408
276.271 105.288 275.91 125.747
602.237 59.2369 599.753 84.1926
628.587 162.189 624.669 186.937
512.469 39.8279 507.521 63.4832
437.814 120.166 433.982 142.659
101.777 132.158 85.3042 150.034
528.135 277.457 516.512 300.532
307.162 286.765 296.998 307.734
285.446 161.646 277.139 182.129
244.665 232.424 233.109 252.532
98.0399 224.969 78.7438 243.416
69.9393 146.818 51.3653 164.295
315.867 78.0148 314.162 98.9233
432.556 250.12 424.44 272.273
404.835 69.3228 402.548 91.442
265.832 211.831 255.202 232.177
308.914 275.29 299.116 296.19
419.957 100.266 415.865 122.485
134.945 381.21 92.4224 401.405
366.536 73.3898 364.903 95.068
74.8734 129.659 58.2625 147.114
442.898 338.069 432.823 360.27
647.933 142.937 645.18 168.088
460.821 131.428 456.206 154.111
407.803 317.76 398.002 339.729
530.528 132.189 524.173 155.71
370.567 310.028 357.192 331.662
641.846 347.83 626.379 371.843
33.8894 190.292 11.3882 207.702
623.124 365.404 608.071 389.206
393.237 338.293 381.151 360.167
258.094 228.706 246.858 248.927
384.301 167.625 375.241 189.208
276.476 157.157 268.02 177.435
464.353 81.2438 460.336 104.08
356.57 74.2772 354.079 95.6916
32.8467 197.806 10.3908 215.282
506.72 28.9757 501.614 52.6077
634.734 355.053 619.748 378.989
158.787 359.216 118.436 379.446
431.538 154.413 424.441 176.613
375.503 205.217 364.846 226.808
371.679 90.4614 369.094 112.19
633.716 67.5131 631.712 92.8471
323.136 268.672 312.764 289.801
152.272 384.981 108.939 405.337
442.622 197.686 434.844 219.955
369.336 174.784 359.126 196.292
524.303 58.0738 518.379 81.8569
577.041 168.162 572.784 192.3
570.725 111.814 566.119 136.1
124.794 369.52 83.5552 389.447
452.056 102.07 447.647 124.82
109.955 336.056 70.5623 355.631
447.931 192.896 440.769 215.396
267.377 159.554 258.316 179.683
450.094 89.2794 445.857 111.865
529.874 54.2446 523.795 77.9557
521.058 358.712 508.457 381.704
377.71 319.441 364.936 341.021
239.193 199.929 228.196 219.987
416.868 199.539 409.171 221.678
434.601 373.217 424.342 395.471
94.7107 374.287 50.4201 394.032
336.173 104.612 334.33 125.73
441.957 82.9542 437.842 105.63
134.149 361.183 92.7694 381.072
637.02 83.5871 635.136 109.046
508.981 122.853 503.002 146.281
212.064 88.3188 211.77 107.811
432.133 71.0682 429.422 93.6879
516.777 20.5823 512.31 44.2562
80.5237 271.084 60.8114 289.559
164.831 384.414 122.027 404.817
325.01 166.278 316.471 187.324
326.449 129.407 324.506 150.385
460.05 145.79 455.016 168.58
140.849 157.052 125.765 175.694
459.417 190.301 453.763 212.998
563.664 162.843 557.46 186.607
361.736 246.267 350.014 267.799
557.072 131.762 550.81 155.791
130.089 337.058 91.298 356.617
69.8019 300.485 32.3241 319.086
231.89 208.048 220.535 228.081
492.741 35.4651 488.701 58.9911
353.176 168.748 343.783 189.88
617.986 79.7279 615.437 104.938
345.658 75.9726 343.994 97.1953
55.5294 219.764 35.0591 237.53
450.662 50.3666 447.022 73.0063
307.961 171.436 299.702 192.047
101.935 323.346 63.832 342.758
271.487 307.333 259.967 327.851
530.63 84.693 524.514 108.546
531.466 160.726 523.479 184.039
453.046 71.4101 449.193 94.3121
588.257 194.119 584.048 218.059
463.983 347.882 453.645 370.445
367.614 63.0393 366.21 84.8601
469.606 112.301 463.068 135.264
110.006 326.777 71.4038 346.017
584.083 106.497 580.651 131.101
544.652 94.4732 537.921 118.479
442.694 63.6137 438.96 86.3996
369.444 240.676 357.876 262.011
559.747 186.756 552.245 210.636
118.259 174.241 101.695 192.415
399.673 183.471 391.373 205.149
271.174 82.8588 270.322 103.065
609.655 83.4963 606.66 108.591
156.349 325.406 119.39 345.362
463.879 73.785 459.415 96.5012
416.185 68.3493 413.448 90.4773
511.919 289.155 499.866 312.245
151.318 289.572 134.935 308.831
246.063 145.217 236.606 165.285
422.993 194.914 415.611 217.205
506.142 283.754 494.908 306.799
98.7499 360.461 56.2038 380.324
523.95 161.584 517.018 184.797
557.375 132.06 550.81 155.791
205.253 237.034 192.169 256.922
212.365 324 177.362 344.456
367.565 264.329 355.421 286.002
524.955 232.532 516.068 255.894
211.192 162.066 201.568 181.415
547.667 26.6119 542.323 50.9755
326.774 102.752 325.051 124.031
646.115 87.4936 644.011 112.754
156.403 372.037 114.491 392.15
155.57 208.735 140.487 227.539
508.35 162.867 501.292 185.855
376.167 174.21 366.515 195.945
491.137 294.956 480.783 317.885
528.158 358.992 515.39 382.171
270.477 185.337 261.204 205.866
134.593 370.667 92.5874 390.995
537.656 25.4544 532.774 49.7372
374.631 294.489 362.114 316.317
492.222 47.5338 487.329 70.6342
168.088 211.42 152.857 230.8
151.273 82.8984 153.543 101.531
201.192 324.547 165.979 344.961
444.412 303.541 435.121 326.036
462.927 262.501 455.93 284.766
447.064 228.403 438.742 250.529
370.116 278.452 357.599 300.221
461.119 164.289 455.84 186.711
626.584 124.443 623.584 149.141
337.482 132.105 335.237 153.572
241.687 239.253 230.093 259.628
364.922 161.022 354.971 182.145
97.8049 250.431 78.1711 268.779
395.308 176.034 386.787 198.074
529.654 25.4711 524.243 49.124
567.909 354.784 554.374 378.356
373.436 221.056 362.602 242.838
201.765 283.264 187.91 303.421
413.674 181.687 406.368 203.978
146.844 130.452 131.879 148.629
451.735 178.123 446.463 200.913
94.3484 266.907 74.752 285.873
457.098 101.729 452.764 124.746
533.543 32.4643 528.195 56.6946
438.024 228.535 429.874 250.512
613.542 157.413 609.075 182.252
580.504 160.297 576.346 184.726
453.074 164.245 446.714 187.058
235.027 86.2128 235.235 105.85
246.622 166.176 236.524 186.42
270.837 97.1013 269.979 117.193
394.571 70.355 392.051 92.0623
184.724 174.862 172.052 194.356
436.984 319.303 427.48 341.787
523.71 142.155 516.586 165.877
498.31 146.118 492.594 169.552
133.409 281.649 115.985 301.145
103.005 255.702 83.11 274.696
502.625 84.1408 497.126 107.805
437.815 74.8599 434.167 97.7221
126.322 356.593 85.2204 376.779
426.778 141.727 420.238 164.266
212.913 144.265 200.251 163.352
307.637 117.602 305.783 138.132
368.339 136.067 359.228 157.806
381.405 202.596 371.565 224.522
633.195 67.11 631.712 92.8471
476.506 359.927 466.862 382.751
111.361 278.608 91.9798 297.234
524.668 32.1903 519.038 56.3259
188.4 141.749 176.661 161.198
409.198 200.674 401.194 222.291
570.505 80.2378 565.508 104.217
556.989 98.6213 550.834 122.301
491.795 255.911 484.003 278.356
416.551 328.104 406.588 350.461
219.936 88.1727 220.147 107.539
396.807 57.4411 395.12 79.1563
279.551 146.734 270.888 167.437
457.74 127.347 452.377 149.652
610.733 150.862 606.421 175.788
66.0558 305.959 27.63 324.341
333.182 77.6033 331.726 99.1592
607.291 373.693 592.795 396.916
515.066 329.001 502.543 352.274
591.792 369.411 577.917 393.261
576.684 187.301 572.33 211.661
452.674 187.945 447.106 210.834
206.382 88.4747 211.77 107.811
433.682 133.083 428.62 155.843
82.4061 340.567 42.9492 360.272
587.198 351.465 572.372 374.541
41.6359 178.305 20.3237 196.1
532.342 98.159 526.067 121.421
379.194 342.324 366.051 364.467
584.85 232.101 572.786 256.324
304.196 278.42 293.792 299.748
201.907 266.675 188.401 286.925
123.17 200.984 105.695 219.977
607.069 384.995 592.252 408.115
132.941 199.362 116.689 218.478
516.81 72.9995 510.786 97.005
82.7653 215.577 63.8542 234.207
244.921 217.12 233.463 237.654
558.671 35.1431 553.589 59.9244
166.251 282.4 149.992 301.473
518.615 209.49 510.909 233.136
444.118 395.202 432.025 417.928
602.489 142.865 598.849 166.912
533.195 385.339 519.977 408.782
207.186 191.594 194.436 211.608
617.385 66.1597 615.159 90.8461
575.198 69.7788 572.546 94.7899
483.056 344.767 474.168 366.845
452.65 226.68 446.244 249.614
124.935 215.534 107.7 234.703
294.094 80.3014 292.966 100.47
557.972 158.09 550.818 181.395
132.533 216.38 116.046 235.658
472.697 271.809 464.942 294.902
525.02 97.2844 518.362 120.346
424.411 219.928 417.224 241.535
46.0272 75.1371 27.665 92.2922
90.5648 189.04 72.316 207.654
503.868 276.461 492.315 299.866
433.513 220.079 425.513 242.838
431.193 181.247 423.964 202.925
489.435 278.785 480.131 302.068
130.299 112.824 118.18 130.484
466.349 97.3574 462.253 119.679
501.242 56.4825 495.711 80.4645
407.718 103.734 404.126 125.255
581.348 132.354 577.245 156.043
264.157 239.389 252.884 260.353
270.821 238.96 260.308 260.002
145.76 136.784 130.901 154.658
378.891 58.365 376.322 79.5502
461.696 331.001 452.18 354.009
587.294 123.583 583.725 147.386
232.138 262.124 220.23 282.852
504.428 217.862 496.887 240.253
248.198 240.786 236.055 261.602
242.575 131.708 235.05 152.204
86.2607 361.173 43.0104 380.123
556.695 115.284 550.818 138.601
314.863 286.329 304.941 306.686
299.055 109.502 298.125 129.6
376.24 192.633 366.087 213.505
365.264 212.266 354.37 234.383
359.077 212.68 348.778 234.747
429.757 360.963 420.08 383.834
98.2288 259.03 78.2763 278.456
359.634 285.87 347.796 308.075
500.136 36.312 494.545 58.9887
399.876 370.007 388.067 392.671
181.99 202.458 167.099 220.949
112.711 224.693 94.5635 244.077
470.298 310.643 462.394 333.954
383.558 182.193 373.894 204.637
474.07 295.84 466.187 317.57
517.654 380.029 504.913 403.705
76.0904 344.375 36.9844 364.483
257.849 248.297 246.221 267.768
460.196 285.376 452.061 308.693
450.971 199.445 444.009 221.002
497.98 396.141 484.844 417.918
638.968 125.311 636.622 151.378
449.162 240.681 439.438 264.014
336.801 56.439 334.553 78.6342
414.251 343.433 403.849 366.42
