32.8467 197.806 10.3909 215.283
33.8895 190.292 11.3887 207.702
41.6356 178.305 20.3235 196.1
46.0271 75.1371 27.665 92.2922
55.5293 219.765 35.0591 237.53
63.3342 370.029 18.1103 389.566
66.9628 138.422 48.1029 155.885
69.802 300.485 32.3241 319.086
69.9392 146.819 51.3652 164.297
74.3931 244.187 54.0744 259.92
74.8725 129.66 58.2612 147.114
76.0901 344.375 36.9844 364.483
76.1915 220.409 56.7946 237.712
79.3488 395.24 25.0933 402.231
80.524 271.084 60.8118 289.559
82.7651 215.577 63.8535 234.207
86.2614 361.174 43.0105 380.122
90.5644 189.039 72.3156 207.652
94.3483 266.906 74.7521 285.873
94.7108 374.287 50.4202 394.032
97.8044 250.431 78.1702 268.78
98.0397 224.97 78.7437 243.416
98.7498 360.461 56.2038 380.324
101.777 132.158 85.3045 150.034
101.934 323.346 63.8316 342.759
102.808 218.841 83.5627 237.25
103.005 255.702 83.1097 274.696
109.955 336.056 70.5624 355.631
110.006 326.777 71.4038 346.017
111.361 278.608 91.9801 297.234
112.711 224.692 94.5637 244.077
116.835 277.388 97.673 296.693
118.258 174.24 101.694 192.414
123.171 200.985 105.696 219.978
124.935 215.535 107.7 234.703
126.321 356.597 85.22 376.781
130.089 337.058 91.2981 356.617
130.301 112.824 118.181 130.484
131.403 259.41 114.542 276.708
132.533 216.38 116.046 235.657
132.941 199.363 116.689 218.478
133.408 281.648 115.984 301.145
134.149 361.183 92.7694 381.072
134.593 370.667 92.5878 390.994
136.43 82.5097 137.001 100.874
140.158 142.226 124.877 161.047
140.849 157.052 125.765 175.694
143.51 372.626 101.36 393.342
143.758 382.243 92.5878 390.994
145.759 136.784 130.901 154.658
146.844 130.452 131.879 148.629
149.277 147.27 134.175 165.841
151.316 289.573 134.934 308.83
152.272 384.981 108.939 405.337
156.35 325.406 119.39 345.362
156.402 372.037 114.491 392.15
158.787 359.216 118.436 379.446
166.031 247.917 150.309 266.731
166.251 282.4 149.992 301.474
168.09 211.417 152.858 230.797
175.409 265.653 159.123 285.18
176.007 280.378 159.361 299.989
181.99 202.458 167.098 220.949
184.625 171.358 172.052 194.356
188.4 141.75 176.661 161.198
189.322 164.578 176.696 184.744
201.192 324.548 165.979 344.961
201.765 283.264 187.91 303.42
201.907 266.675 188.401 286.925
205.253 237.035 192.169 256.923
207.187 191.595 194.437 211.609
210.077 335.242 173.856 355.94
212.913 144.265 200.251 163.352
218.811 143.513 207.73 163.017
219.936 88.1727 220.147 107.539
223.963 253.319 209.935 273.1
224.383 93.7873 224.28 113.578
231.89 208.048 220.535 228.081
232.137 262.124 220.229 282.852
235.026 86.2129 235.234 105.85
239.193 199.929 228.196 219.988
241.688 239.252 230.093 259.628
242.575 131.708 235.051 152.204
244.423 260.928 232.278 281.105
244.665 232.424 233.108 252.532
244.921 217.12 233.464 237.655
246.063 145.217 236.606 165.285
248.198 240.786 236.055 261.602
248.67 164.694 238.897 184.808
254.484 158.007 244.776 178.016
257.85 248.297 246.221 267.768
258.094 228.706 246.858 248.928
258.187 267.64 246.476 287.672
264.158 239.389 252.884 260.353
265.833 211.83 255.202 232.177
267.377 159.554 258.316 179.683
270.478 185.337 261.206 205.865
270.821 238.958 260.308 260.002
270.837 97.1012 269.979 117.193
271.174 82.8588 270.322 103.065
271.488 307.332 259.967 327.851
276.476 157.157 268.02 177.435
276.519 157.018 268.107 177.573
279.551 146.734 270.888 167.437
284.002 170.068 275.692 190.524
285.446 161.646 276.749 182.252
299.055 109.502 298.125 129.6
299.958 96.0094 298.487 116.753
304.195 278.42 293.792 299.748
307.162 286.765 296.998 307.734
307.639 117.6 305.784 138.13
307.961 171.436 299.702 192.047
308.914 275.291 299.116 296.191
309.791 268.431 299.879 289.36
314.863 286.329 304.94 306.686
315.866 78.0158 315.008 98.6491
323.136 268.672 312.764 289.801
325.009 166.278 316.47 187.325
330.989 200.624 321.077 219.048
333.182 77.6028 331.726 99.1585
334.158 91.0497 332.783 110.908
336.173 104.612 334.33 125.73
336.801 56.4407 334.553 78.6373
337.483 132.106 335.238 153.573
345.658 75.9726 343.994 97.1954
353.176 168.748 343.783 189.88
356.57 74.2772 354.079 95.6916
359.076 212.68 348.778 234.747
359.633 285.869 347.794 308.072
361.736 246.266 350.015 267.797
364.921 161.022 354.971 182.145
365.265 212.267 354.371 234.383
366.536 73.3898 364.903 95.068
367.565 264.329 355.421 286.002
368.339 136.068 359.228 157.806
369.336 174.784 359.127 196.291
369.443 240.676 357.876 262.011
370.116 278.452 357.599 300.221
370.567 310.028 357.191 331.662
371.679 90.4617 369.094 112.191
373.436 221.057 362.601 242.838
374.631 294.488 362.114 316.317
375.502 205.217 364.846 226.807
376.167 174.21 366.517 195.945
376.24 192.633 366.087 213.505
377.706 319.441 364.936 341.021
379.194 342.324 366.051 364.466
381.405 202.595 371.566 224.522
383.559 182.192 373.895 204.637
394.571 70.3551 392.051 92.0624
395.309 176.034 386.787 198.074
396.805 57.4423 395.117 79.1581
399.673 183.471 391.373 205.149
399.877 370.008 388.068 392.672
404.834 69.3229 402.548 91.4421
406.285 252.81 397.646 273.723
406.546 165.737 400.459 188.045
407.803 317.76 398.001 339.729
409.198 200.675 401.194 222.291
413.674 181.687 406.368 203.978
414.251 343.432 403.849 366.419
416.551 328.104 406.588 350.461
416.868 199.539 409.171 221.679
418.244 177.293 410.984 199.388
419.957 100.266 415.866 122.485
422.867 107.99 419.123 130.286
422.993 194.914 415.611 217.205
423.076 271.779 415.205 291.624
423.829 140.19 417.363 162.62
424.411 219.928 417.224 241.535
426.778 141.727 420.238 164.267
429.757 360.963 420.08 383.834
431.192 181.249 423.962 202.933
431.538 154.413 424.441 176.613
432.133 71.0681 429.422 93.6879
432.557 250.12 424.441 272.273
433.513 220.079 425.512 242.838
433.681 133.082 428.62 155.843
434.641 373.436 424.343 395.47
435.089 393.164 423.248 415.602
436.984 319.303 427.48 341.787
437.814 120.167 433.983 142.66
437.815 74.8599 434.167 97.7221
438.023 228.535 429.873 250.511
441.956 82.9546 437.841 105.631
442.622 197.686 434.844 219.955
442.898 338.069 432.823 360.27
444.068 68.2878 445.353 88.2573
444.117 395.201 432.024 417.925
444.412 303.542 435.121 326.037
447.064 228.403 438.742 250.528
447.93 192.895 440.769 215.396
450.094 89.2795 445.858 111.865
450.663 50.3669 447.022 73.0065
450.971 199.445 444.009 221.002
451.365 63.6504 445.353 88.2573
451.736 178.123 446.463 200.913
452.056 102.07 447.647 124.82
452.674 187.945 447.106 210.834
453.046 71.4104 449.193 94.3122
453.074 164.245 446.714 187.058
453.768 375.964 443.528 398.583
456.63 267.057 447.557 289.34
457.098 101.73 452.764 124.747
457.739 127.346 452.376 149.652
459.417 190.301 453.763 212.998
460.051 145.79 455.016 168.58
460.196 285.377 452.061 308.693
460.82 131.428 456.206 154.111
461.119 164.289 455.84 186.712
462.927 262.502 455.929 284.765
463.879 73.7849 459.415 96.5012
463.983 347.881 453.645 370.445
464.353 81.2443 460.337 104.08
465.797 150.768 461 172.645
466.059 63.9615 461.99 86.9932
466.349 97.3577 462.253 119.68
466.9 386.82 455.751 409.842
470.299 310.643 462.394 333.954
471.858 377.535 461.214 400.01
472.697 271.81 464.942 294.901
473.487 337.452 463.975 360.697
474.07 295.838 466.187 317.57
476.506 359.927 466.862 382.751
477.728 42.309 474.802 66.6828
483.056 344.767 474.168 366.845
489.435 278.786 480.131 302.068
491.795 255.911 484.003 278.356
491.846 294.313 480.783 317.885
492.22 47.5339 487.518 70.8231
492.228 190.522 485.862 211.583
492.741 35.4651 488.701 58.9911
494.123 305.091 485.122 327.85
497.979 396.141 484.845 417.918
498.311 146.119 492.593 169.553
499.566 131.383 493.685 154.22
500.137 36.3127 494.545 58.9888
501.242 56.4826 495.711 80.4646
502.625 84.1415 497.125 107.806
502.98 276.92 492.316 299.866
504.429 217.862 496.887 240.253
506.142 283.754 494.908 306.799
506.72 28.9757 501.614 52.6077
508.35 162.867 501.292 185.855
508.981 122.853 503.002 146.281
509.786 73.6967 504.13 98.6215
511.919 289.155 500.132 312.245
512.469 39.8269 507.521 63.4825
513.259 224.626 505.074 247.382
515.066 329.001 502.14 352.155
516.81 72.9995 510.786 97.005
517.221 27.3548 512.579 51.2306
517.774 62.8901 512.597 86.1612
521.058 358.713 508.456 381.705
523.708 142.155 516.586 165.877
523.839 120.7 516.777 145.409
523.951 161.582 517.018 184.733
524.024 348.927 511.178 371.888
524.303 58.0737 518.38 81.8568
524.667 32.1908 519.037 56.3263
524.955 232.532 516.068 255.894
525.019 97.285 518.362 120.346
528.135 277.457 516.512 300.532
528.158 358.993 515.39 382.171
528.822 71.0576 522.958 94.8689
529.654 25.4712 524.242 49.1247
529.874 54.2445 523.795 77.9557
530.528 132.189 524.174 155.71
530.63 84.6929 524.514 108.546
531.467 160.726 523.479 184.039
532.342 98.159 526.067 121.421
533.195 385.339 519.977 408.782
533.543 32.4647 528.195 56.6948
535.572 182.65 528.614 203.346
537.656 25.4543 532.774 49.7372
537.677 16.3373 532.739 41.7607
544.652 94.473 537.921 118.479
545.253 153.458 538.635 178.626
546.868 35.6018 541.175 59.7112
547.296 217.577 540.181 238.231
547.741 26.5728 542.323 50.9745
549.941 68.2231 543.208 93.3635
552.883 18.3587 547.571 42.651
554.434 81.1032 547.928 106.967
554.782 48.7548 548.774 72.864
556.695 115.284 550.819 138.6
556.989 98.6218 550.834 122.3
557.071 131.761 550.81 155.79
557.374 132.058 550.81 155.79
557.972 158.089 550.819 181.395
558.478 140.693 551.601 162.809
558.67 35.1434 553.589 59.9247
559.503 229.427 551.277 251.401
563.664 162.843 557.459 186.605
567.629 104.971 561.637 127.548
567.909 354.784 554.375 378.356
567.917 86.1083 563.077 110.343
568.465 106.766 561.637 127.548
570.506 80.2388 565.506 104.218
570.725 111.815 566.119 136.1
575.949 186.968 572.331 211.661
577.041 168.162 572.784 192.3
580.504 160.297 576.346 184.726
581.348 132.354 577.245 156.043
584.083 106.496 580.65 131.101
584.85 232.101 572.786 256.324
587.294 123.584 583.725 147.386
588.258 194.119 584.048 218.06
589.606 83.1402 586.871 108.049
596.041 94.8135 593.369 119.503
599.209 75.3542 596.584 100.204
600.683 126.189 597.238 149.949
602.237 59.2366 599.753 84.1926
602.489 142.865 598.849 166.912
607.069 384.994 592.251 408.114
607.291 373.693 592.795 396.915
609.655 83.4963 606.66 108.591
610.733 150.861 606.421 175.788
613.542 157.413 609.075 182.253
617.385 66.1594 615.159 90.8457
617.986 79.728 615.437 104.939
623.584 366.247 608.071 389.205
626.584 124.443 623.584 149.141
628.165 155.241 624.479 179.997
628.587 162.188 624.669 186.937
633.194 67.1092 631.712 92.847
633.716 67.5125 631.712 92.847
634.734 355.053 619.748 378.989
637.02 83.5877 636.172 108.756
638.823 359.495 623.741 383.408
638.968 125.311 636.622 151.378
641.846 347.83 626.379 371.843
646.116 87.4935 644.012 112.754
647.933 142.937 645.18 168.088
